序号,微博内容,是否原创,转发内容,发布时间,转发数,评论数,点赞数,设备源,微博ID
0,长假将至，在外就餐请选择证照齐全的饭店，最好选择A级餐厅用餐，注意餐饮卫生安全。祝大家中秋、十一双节快乐、健康。 ​​​​,否,,2012-09-29 14:53,11,评论,赞,微博桌面,https://weibo.com/2647806223/yE7dYyiZd
1,健康最重要,是,【10种排毒食品吃掉小肚腩】①地瓜含纤维质可促肠胃蠕动；②绿豆清热解毒、除湿利尿；③燕麦滑肠通便；④薏仁有助改善水肿型肥胖；⑤小米是温和纤维质易消化；⑥糙米有丰富纤维，整肠利便；⑦红豆可增加肠胃蠕动；⑧胡萝卜可改善便秘；⑨山药可减少皮下脂肪堆积；⑩苦瓜可消除体内有害物质。 ​​​​,2012-09-27 13:03,3,评论,赞,微博桌面,https://weibo.com/2647806223/yDNEq2mQx
2,抗灾中的卫生监督人——房山监督所抗击“7.21”特大自然灾害卫生监督纪实 O网页链接 ​​​​,否,,2012-09-13 09:10,7,1,赞,看点-土豆网合作,https://weibo.com/2647806223/yBE8VDkuf
3,//@北京房山卫生监督:房山加油,是,房山加油！【视频：房山不哭！纪念721房山特大暴雨受灾】 O网页链接  （分享自 @优酷网） ​​​​,2012-09-13 08:41,1,评论,赞,政府版微博,https://weibo.com/2647806223/yBDXiBVr8
4,//@北京房山健康教育://@北京健康教育刘秀荣: [爱心传递] /合理安排作息，懂得不该且別累死自己也是能力。@辽宁健康教育与促进:年轻人摒弃不健康行为，防控猝死。,是,【年轻人莫让心脏太累，谨防猝死发生】张国刚教授说：猝死是可防可控的，心脏就像汽车发动机，太疲太累就会“罢工”停摆，从而活活地把心脏给“累”死。如能消除不良嗜好、戒烟戒酒、保证均衡合理的饮食结构和充足的睡眠、多运动、定期做体检，排除潜在的隐性疾病，就能减少猝死的发生机率。@张海澄 ​​​​,2012-09-04 15:07,1,评论,赞,微博桌面,https://weibo.com/2647806223/yAjDkExsU
5,愿生者平安，逝者安息//@李坚韧: //@vvv将军vvv: 感谢大家关心！虽然药没找到，但得到专家提示，改用硫化氢方案，目前其中2人情况平稳，另一例送另外医院的不幸，愿逝者安息！愿生者平安、健康 @北京房山卫生监督 @北京12320在聆听 @范_彬彬 @北京大学肿瘤医院 @李坚韧: @首都健康 @北京12320,是,请广泛地转，知情者请回微薄，8月30日晚，青岛两环卫人下水道中毒，抢救中，怀疑氰化物中毒，急求 1)  亚硝酸乙戊酯5支   2)  3%的亚硝酸钠20支    3)  4-二甲基苯酚针20支。 @薛蛮子 @陈志武 @长盛 @韩志国 @光远看经济  @eaashley @和君王明夫  @潘石屹 @李开复 @任志强 ​​​​,2012-09-04 09:47,2,3,赞,微博桌面,https://weibo.com/2647806223/yAhxD94Lp
6,急//@北京12320在聆听://@范_彬彬: //@北京大学肿瘤医院: 急！！！//@李坚韧: @首都健康 @北京12320在聆听,是,请广泛转：青岛两环卫工人井下中毒，怀疑氰化物中毒，急求： 1)  亚硝酸乙戊酯5支   2)  3%的亚硝酸钠20支    3)  4-二甲基苯酚针20支。 @薛蛮子 @萝莉影 @老杜之顺流逆流 ​​​​,2012-08-31 12:45,转发,评论,赞,微博桌面,https://weibo.com/2647806223/yzGZLpGei
7,期待卫生监督协管员正式上岗,是,#卫生信息#近日，@北京房山卫生监督 召开了房山区卫生监督协管工作启动暨首次培训会。随后将由卫生院对本辖区协管员开展二级培训。房山区此次共聘请500余名卫生监督协管员，全员培训考核后，卫生监督协管工作将正式开展。 ​​​​,2012-08-30 10:28,转发,3,赞,微博桌面,https://weibo.com/2647806223/yzwFNl1jE
8,预防食物中毒[吃汤圆]//@全国卫生监督技能竞赛:【预防食物中毒知识】#卫生监督提醒您# 北京朝阳卫生监督教您预防食物中毒知识 @北京朝阳卫生监督,是,@北京朝阳卫生监督 的专辑 预防食物中毒知识，推荐给大家！ O网页链接 ​​​​,2012-08-23 15:54,转发,评论,赞,微博桌面,https://weibo.com/2647806223/yyuOt5pTC
9,万一误食毒蘑菇怎么办？ 头脑冷静，立即拨打120或999，保留毒蘑菇样品供专业人员救治参考。在等待过程中，让中毒者将手指伸进咽部催吐，减少毒素吸收。为防反复呕吐发生脱水，最好让患者饮用糖盐水，补充体液，防止休克，并为患者加盖毛毯保温。对于已发生昏迷的患者不要强行向其口内灌水，防止窒息。 ​​​​,否,,2012-08-23 14:42,1,评论,赞,微博桌面,https://weibo.com/2647806223/yyuls8APp
10,近日，为加强集中空调通风系统的卫生管理，预防和控制空气传播性疾病的传播，保障公众健康，在市卫生局的统一部署下，房山区卫生局卫生监督所对全区集中空调进行了监督检查，抽取人群相对密集的5家单位，对其集中空调设备冷却（凝）水、积尘量、细菌总数、真菌总数进行采样。并检查了设备清洗消毒情况 ​​​​,否,,2012-08-23 14:09,5,评论,赞,微博桌面,https://weibo.com/2647806223/yyu7T7YEg
11,不要采食野蘑菇//@食品安全标准:路边的蘑菇不要摘呀~,是,【不要让漂亮蘑菇成美丽“杀手”】夏秋季是蘑菇生长旺季，也是蘑菇中毒的高发季节。由于毒蘑菇与食用蘑菇外形相似，辨别起来非常困难，惟一可靠的方法就是专业人员根据蘑菇形态特征的分类进行鉴定，有时甚至需要借助显微镜等工具才能准确辨别，各种“经验”和“土法”都不可靠，普通市民一般难以辨认。 ​​​​,2012-08-21 14:18,1,评论,赞,微博桌面,https://weibo.com/2647806223/yybkFuASE
12,//@北京房山健康教育:正确饮用桶装水!,是,【桶装水，超7天勿饮！！】浙江省疾控中心副主任周晓红的监测发现：桶装水开封后第1-3天，水是安全的；但到了第5天，菌落数合格率便降到60%；第7天降至20%，而到了第10天，则无一合格。为确保饮水健康，周晓红建议：桶装水开封3天后，尽量只喝热水；7天内，尽可能饮用完。切记切记！！ via信息时报 ​​​​,2012-08-13 10:19,2,评论,赞,微博桌面,https://weibo.com/2647806223/ywWlOwp9R
13,//@邯郸卫生监督:转发微博。,是,游泳场所市民如何选择游泳池  1、查看该场馆是否悬挂着有效卫生许可证和量化分级等级标示；  2、通过游泳场馆的电子公示牌或文字公示牌，查看当天游泳池的水温、余氯浓度、PH 值等指标是否合格。  3、查看游泳场馆是否设立健康证检查岗。 ​​​​,2012-08-09 09:20,2,评论,赞,微博桌面,https://weibo.com/2647806223/ywkfM4uP1
14,转发微博,是,安置房小区内医务室、超市、警务站、物业等生活配套设施一应俱全 ​​​​,2012-08-07 18:25,转发,评论,赞,微博桌面,https://weibo.com/2647806223/yw4XJokIH
15,,是,分布在大石窝、佛子庄、韩村河、琉璃河、史家营、张坊、霞云岭等15个乡镇的40个安置点安置房如期竣工。 ​​​​,2012-08-07 18:24,转发,1,赞,微博桌面,https://weibo.com/2647806223/yw4XxyWVy
16,,是,村民不出安置点，就能在小区超市里买到生活用品 ​​​​,2012-08-07 18:24,转发,评论,赞,微博桌面,https://weibo.com/2647806223/yw4XmjIzY
17,转发微博,是,安置房中配备了天然气，让村民一搬进新家就能起火做饭 ​​​​,2012-08-07 18:23,转发,评论,赞,微博桌面,https://weibo.com/2647806223/yw4XfxgAD
18,//@北京市疾病预防控制中心:重新启用的水井必须进行清掏、冲洗与消毒，先将水井抽干，清除污泥，用清水冲洗井壁、井底，再抽尽污水。待水井自然渗水到正常水位后，进行加氯消毒。,是,今天，我们一起来学习#水灾后消毒原则、方法和注意事项#灾后最重要的就是消毒防疫和饮水安全。北京市疾病预防控制中心提醒大家，特大自然灾害后特别要注重消毒及杀虫、灭鼠，注意环境卫生的清理，以免引起污染和传染病的发生。@首都健康 @北京发布 @微博小秘书 @政府微博助理 @新浪健康 ​​​​,2012-08-06 16:53,1,1,赞,微博桌面,https://weibo.com/2647806223/yvUVY6oGo
19,//@北京市疾病预防控制中心:灾害后应饮用纯净水、矿泉水、瓶装水、开水。出汗较多的人，应饮用淡盐开水。不提倡喝生水，因为生水可能含有大量致病微生物，饮用后容易导致腹泻等疾病。饮用开水是灾害期间最简便易行的卫生用水，应该大力提倡。,是,今天，我们一起来学习#水灾后消毒原则、方法和注意事项#灾后最重要的就是消毒防疫和饮水安全。北京市疾病预防控制中心提醒大家，特大自然灾害后特别要注重消毒及杀虫、灭鼠，注意环境卫生的清理，以免引起污染和传染病的发生。@首都健康 @北京发布 @微博小秘书 @政府微博助理 @新浪健康 ​​​​,2012-08-06 16:53,2,评论,赞,微博桌面,https://weibo.com/2647806223/yvUVUxp9S
20,//@北京延庆卫生监督://@全国卫生监督技能竞赛: #卫生监督提醒您#京城餐馆叫停野生蘑菇,是,【京城餐馆叫停野生蘑菇】#聚焦北京#昨天，北京发布“蘑菇中毒”预警。市卫生监督所表示，鉴于外地近期出现食用野生蘑菇中毒死亡事件，特向市民发出预警，严禁餐饮服务单位采摘使用野生蘑菇等菌类。我国目前已知的食用蘑菇有300多种，毒蘑菇100多种。由于毒蘑菇与食用蘑菇外形相似，辨别起来非常困难。 ​​​​,2012-08-06 09:06,1,评论,赞,微博桌面,https://weibo.com/2647806223/yvRSn6EUR
21,转发微博,是,【北京市发布“蘑菇中毒”预警 餐馆叫停野生蘑菇】北京发布“蘑菇中毒”预警。市卫生监督所表示，鉴于外地近期出现食用野生蘑菇中毒死亡事件，特向所有市民发出预警，同时，市卫监部门在所有餐馆叫停野生蘑菇，要求在京餐饮服务单位严禁采摘、使用野生蘑菇等菌类。详细内容：O网页链接 ​​​​,2012-08-03 08:43,转发,评论,赞,微博桌面,https://weibo.com/2647806223/yvprIl9vx
22,向英雄致敬//@房山区卫生局:,是,#721我们不能忘记的面孔#郭云峰，北京市房山长阳第二供水厂抢险队队长，一个正值青春、充满活力的年龄，却抛下了年轻的妻子和三岁的女儿，为保障良乡30万人供水安全，光荣牺牲。他生前的最后一句话是：闸门打开了，水来了。O网页链接 ​​​​,2012-08-02 14:19,转发,评论,赞,微博桌面,https://weibo.com/2647806223/yvidsoyvA
23,转发微博,是,#卫生信息#卫生监督一家人 同甘共苦保民安——记援助专家支援房山卫生监督工作。感谢来自市卫生监督所李焕如、吴杰同志和东城、西城所星远东、杨保江同志，朝阳所刘志勇同志，海淀卫生监督所的同志们，在辛苦工作的同时，更默默无言地克服着自身困难。@北京卫生监督 ​​​​,2012-08-02 10:52,1,评论,赞,微博桌面,https://weibo.com/2647806223/yvgREcn8J
24,转发微博,是,【肠胃健康小贴士】1、菜要烧熟煮透，冰箱里的剩菜隔夜后应重新加热 2、蔬菜应用水浸泡半小时以上，中间换水2-3次 3、冰箱内贮存食品时，应该生熟分开 4、不喝生水 5、饭前用流动水洗手 6、洗干净的碗筷应由其自然干燥，不要擦干后存放 7、多吃醋和大蒜，有助于预防肠道传染病。（敬请关注@MSN健康 ） ​​​​,2012-08-02 09:09,转发,评论,赞,微博桌面,https://weibo.com/2647806223/yvgbIqZT7
25,转发微博,是,食品安全5要点：食物烧熟煮透很关键，不要贪图口感鲜嫩而给细菌病毒寄生虫钻了空子。肉禽蛋海产等高蛋白食品尤其要注意，特别是大块的、带馅的、外焦里嫩的。喜欢带饭的童鞋们，热饭热菜也一定要热透，要不吃拉肚了俺可不给报销医药费哦~~~另外豆角没煮透也是常见的食物中毒原因，亲们知道就好。 ​​​​,2012-08-01 21:27,转发,评论,赞,微博 weibo.com,https://weibo.com/2647806223/yvbAKluZK
26,转发微博,是,预防食源性疾患的十项建议：6、不食用来历不明的食品；7、不饮用不洁净的水或者未煮熟的自来水；8、直接食用的瓜果应用洁净的水彻底清洗并可去皮；9、进食前或便后应将双手洗净；10、在进食的过程中如发现异常，应立即停止进食。@大兴卫生 ​​​​,2012-08-01 21:26,转发,评论,赞,微博 weibo.com,https://weibo.com/2647806223/yvbAobNpO
27,转发微博,是,邯郸市卫生监督所友情提示：洪涝灾害请注意饮水安全。 ​​​​,2012-07-31 10:21,1,评论,赞,微博桌面,https://weibo.com/2647806223/yuXNSidnH
28,//@北京12320在聆听:[霹雳],是,【今日雨不断 大家要防范】31日7时北京气象信息：昨天傍晚到夜间本市普降大雨，今天降水还将持续，雨势相对平缓，白天阴有中到大雨，夜间小到中雨，气温25到22℃。雨天路滑，早晚高峰交通压力会比较大，开车的朋友要减速慢行，保持安全车距，山区做好山洪泥石流等地质灾害的防范工作。 ​​​​,2012-07-31 10:09,1,评论,赞,微博桌面,https://weibo.com/2647806223/yuXJdA0tp
29,转发微博,是,突遇洪水时，如何避险？2、被洪水围困，有通讯条件的，可利用通讯工具寻求救援；无通讯条件的，要想办法向外界发出紧急求助信号，可制造烟火或来回挥动颜色鲜艳的衣物或集体同声呼救，不断向外界发出紧急求助信号；同时要寻找体积较大的漂浮物等，主动采取自救措施。 ​​​​,2012-07-31 08:55,转发,评论,赞,微博桌面,https://weibo.com/2647806223/yuXeYoLX2
30,7月28日起，由市级专家参与组成的9个生活饮用水卫生监督应急小分队，已分赴房山区180多个村镇，对近600家生活饮用水水质卫生情况开展地毯式排查，全力保障灾区群众饮水安全卫生。 ​​​​,否,,2012-07-30 17:26,83,13,赞,微博 weibo.com,https://weibo.com/2647806223/yuRa6jiFB
31,转发微博,是,【汛期温馨提示】4.皮肤：接触雨水、污水后要用清水充分清洗干净，以免引发各种皮肤炎症。 5.蚊蝇：经常及时清理居室周边及居室内的雨水、积水、垃圾，减少蚊虫滋生，防蚊和灭蝇，使用蚊帐。 @北京大兴 @首都健康 ​​​​,2012-07-30 17:05,1,评论,赞,微博桌面,https://weibo.com/2647806223/yuR1x46RG
32,//@大兴卫生://@北京大兴: 转发微博,是,【建议收藏——本市下凹式立交桥】从交通北京微博中看到的信息，交通北京的小编为了大家看着不眼晕分了几条发布，小布整理成一条长微博，建议大家收藏。以后再有比较大的雨情时您先查看一下自己回家路上是否要经过这些桥区，看看能否找到更好的绕行路线。感谢交通北京小编辛苦整理。 ​​​​,2012-07-30 16:01,转发,评论,赞,微博桌面,https://weibo.com/2647806223/yuQBzwrPg
33,转发微博,是,【汛期温馨提示】1.食物：不吃被雨水浸泡过的食品；不吃霉变米面；不吃未洗净的瓜果；不吃生冷食物；不吃受污染的食品；如果暂时没有新鲜烹调的食物，建议食用合格的袋装食品。@首都健康 @北京大兴  ​​​​,2012-07-30 15:31,转发,评论,赞,微博桌面,https://weibo.com/2647806223/yuQpha2tF
34,//@北京卫生监督:地铁中的集中空调通风系统属于我们监管。,是,向 @北京卫生监督 提问：管庄地铁附近的卫生非常糟糕，有人管吗？ O网页链接 ​​​​,2012-07-30 10:32,转发,评论,赞,微博桌面,https://weibo.com/2647806223/yuOs6y9t9
35,//@北京卫生监督:主要是管理方要做好集中空调的卫生管理维护。个人在空调下，不会有什么影响。,是,,2012-07-30 10:32,转发,评论,赞,微博桌面,https://weibo.com/2647806223/yuOs4u3zc
36,//@北京12320在聆听:高温环境下，千万别把孩子单独放在密闭的车里。,是,【2岁幼童高温下被锁车内 救出已昏迷】7月27日中午，在青岛国际会展中心附近，一名2岁左右的宝宝被困在车内，由于没有找到钥匙，最终砸碎车窗玻璃将中暑昏迷宝宝从车内解救出来，还好孩子救出及时并无大碍。警方提醒：高温环境下，千万别把孩子单独放在密闭的车里。 ​​​​,2012-07-30 10:17,转发,评论,赞,微博桌面,https://weibo.com/2647806223/yuOlHpwVm
37,关注,是,关注#写字楼空调#安全，集中空调百日专项整治正在进行中！今天（7月30日）上午10点，@北京卫生监督 做客微访谈，和大家聊聊写字楼空调，集中空调通风系统的安全使用，军团菌对人体有什么危害？欢迎大家提问！地址：O网页链接 ​​​​,2012-07-30 09:22,转发,评论,赞,微博桌面,https://weibo.com/2647806223/yuNZqyQUy
38,感谢兄弟区县的支持//@全国卫生监督技能竞赛:#卫生监督在行动#救灾工作来支持，卫生监督是一家。 @房山区卫生局 @北京房山卫生监督 @北京卫生监督,是,#卫生信息#7月28日上午8时，北京市卫生监督所所长李亚京带领来自四个区县、五个单位的10名生活饮用水领域的业务骨干来到房山卫生监督所对救灾工作予以支援。市卫生监督所所长李亚京表示全市卫生监督是一家，支持房山区卫生监督救灾工作是市卫生监督所的重要职责。 ​​​​,2012-07-30 08:53,转发,评论,赞,微博桌面,https://weibo.com/2647806223/yuNNTbUft
39,向英雄致敬,是,【英雄，敬礼！】“你要哭了我就抽你，我要哭了你就抽我。”李方洪80岁的母亲抚着儿媳李贵平的手叮嘱着。早晨7点整，8名礼兵抬着李方洪的棺木，缓步走出医院的太平间，上百名曾经和李方洪在一起的战友齐齐地敬礼。从医院到高速路入口，近10公里的路，路两边数千名群众送别李方洪。O网页链接 ​​​​,2012-07-30 08:49,2,评论,赞,微博桌面,https://weibo.com/2647806223/yuNM5bOzW
40,转发微博,是,夏季选择食物要注意：（续） 7.不要吃隔夜凉拌菜。8.不要吃馊饭菜和腐败变质食品。 9.不吃过期食品。10.不要吃发芽的土豆、腐烂的瓜果。11.不要购买制作、销售不卫生的食品。12.不要使用未消毒过的餐具。13.不要举办大型聚餐。 ​​​​,2012-07-30 08:05,1,评论,赞,微博桌面,https://weibo.com/2647806223/yuNubCYzy
41,//@北京12320在聆听://@北京怀柔健康教育: 及时的知识,是,[霉变粮食引起的霉菌毒素食物中毒]真菌性食物中毒是由于真菌毒素污染了食物（大多数真菌毒素不容易被烹煮的高温所破坏）而引起。急性真菌食物中毒潜伏期短，常引起胃肠症状如恶心、呕吐、腹胀、腹痛、偶有腹泻，而后出现体内各器官系统（肝、肾、神经、血液）的损害。 ​​​​,2012-07-29 20:00,1,评论,赞,微博桌面,https://weibo.com/2647806223/yuIKdn94w
42,转发微博,是,#卫生信息#7月28日上午8时，北京市卫生监督所所长李亚京带领来自四个区县、五个单位的10名生活饮用水领域的业务骨干来到房山卫生监督所对救灾工作予以支援。市卫生监督所所长李亚京表示全市卫生监督是一家，支持房山区卫生监督救灾工作是市卫生监督所的重要职责。 ​​​​,2012-07-29 11:29,1,1,赞,微博 weibo.com,https://weibo.com/2647806223/yuFoEEfGx
43,转发微博,是,水灾后病媒生物防制措施1、环境防制：环境治理是最有效措施之一。水灾发生时，应及时处理人和动物尸体，搭建临时厕所，集中处理粪便，清理街道或居民区周围的淤泥和垃圾，填平或疏导地面积水，生活垃圾集中堆放，翻盆倒罐，倾倒各种积水。居民住所应完善防蚊蝇设施，安装纱门纱窗，使用蚊帐 ​​​​,2012-07-29 08:27,1,评论,赞,微博桌面,https://weibo.com/2647806223/yuEcB4CQr
44,转发微博,是,#卫生信息#水灾发生后，房山区卫生局卫生监督所调整科室设置，成立临时应急小分队，对全区集中供水以及农村自备水源进行监督检测。 ​​​​,2012-07-28 17:27,转发,评论,赞,微博桌面,https://weibo.com/2647806223/yuyjswTz7
45,各游泳场馆经营单位：  为确保我区暴雨过后游泳场馆卫生安全，保障人民群众身体健康，预防出血性结膜炎等传染病的暴发流行，现对我区游泳场馆经营单位提出以下卫生要求，请遵照执行： ​​​​,否,,2012-07-28 16:10,转发,评论,赞,政府版微博,https://weibo.com/2647806223/yuxOdfgiF
46,各餐饮经营单位：  为确保我区暴雨过后餐饮服务环节食品安全，保障人民群众身体健康，现对我区餐饮服务单位提出以下卫生要求： ​​​​,否,,2012-07-28 16:08,转发,评论,赞,政府版微博,https://weibo.com/2647806223/yuxNo801p
47,转发微博,是,#雨情信息更正#27日8时至28日8时全区平均降雨29.7毫米，平原最大房山降雨83毫米，山区最大降雨漫水河33毫米，全区累计平均降雨539毫米，去年同期350.8毫米。 ​​​​,2012-07-28 09:13,1,评论,赞,微博桌面,https://weibo.com/2647806223/yuv54fphX
48,房山加油,是,房山加油！【视频：房山不哭！纪念721房山特大暴雨受灾】 O网页链接  （分享自 @优酷网） ​​​​,2012-07-28 09:13,1,评论,赞,微博桌面,https://weibo.com/2647806223/yuv4ZfnYb
49,//@北京房山健康教育:转发微博,是,【晨报遇险救生指南：面对危险我们该怎么办？】生活在现代化大都市里，可曾想到一场暴雨会如此致命？许多事故都在意料之外，许多逃生知识却应该常留身边。新闻晨报制作了一期遇险救生指南，真心希望各位永远都用不上这份指南，但又希望这份指南能在关键时刻发挥作用。O网页链接 本报 ​​​​,2012-07-28 08:27,1,评论,赞,微博桌面,https://weibo.com/2647806223/yuuMknGG2
50,转发微博,是,#雨情播报#27日8时至28日8时全区平均降雨28.9毫米，平原最大房山降雨83毫米，山区最大降雨漫水河33毫米，全区累计平均降雨538.2毫米，去年同期350.8毫米。 ​​​​,2012-07-28 08:27,转发,评论,赞,微博桌面,https://weibo.com/2647806223/yuuM7oB14
51,//@北京房山健康教育:转发微博,是,【发生饮水污染如何处理？】当发生饮水污染时，立即停止饮用，并立即上报村委会、乡、镇政府等有关部门，采取相应措施。 ​​​​,2012-07-28 08:01,转发,评论,赞,微博桌面,https://weibo.com/2647806223/yuuBGgUlq
52,转发微博,是,【北京城区即将出现短时强降雨】这场降雨南起房山，目前正向北发展，19-20时周口店26.7mm、琉璃河环岛18.1mm，截至20:12，系统北端已接近城区，预计很快城区降雨会加强，短时强度较大，但持续时间不超过3小时，此次过程伴随雷电，提醒大家请注意防雨防雷。 @天气预报 ​​​​,2012-07-27 20:36,1,1,赞,微博桌面,https://weibo.com/2647806223/yuq7EpyY4
53,//@北京市疾病预防控制中心:视频演示版的#水灾后消毒原则、方法和注意事项#北京市疾控中心提醒大家，特大自然灾害后特别要注重消毒和环境卫生的清理，以免引起污染和传染病的发生。@首都健康 @北京发布 @北京12320在聆听 @政府微博助理 @与点阁 @我在120上班 @北京晚报,是,最近北京地区遭遇强暴雨，水灾后家庭如何消毒防疫？我的同事来为大家介绍消毒方法及注意事项。视频：水灾后家庭如何消毒防疫 O网页链接  （分享自 @新浪视频） ​​​​,2012-07-27 20:05,1,1,赞,微博桌面,https://weibo.com/2647806223/yupUZ1i4x
54,转发微博,是,#好人故事#郭云峰事迹报道《好人故事特别报道—阀门打开了，水来了》今晚22：30在北京卫士播出，敬请关注！！！ ​​​​,2012-07-27 20:04,转发,评论,赞,微博桌面,https://weibo.com/2647806223/yupUPxD0y
55,转发微博,是,【北京雷电黄色预警】北京市气象局官方微博消息：北京市气象台傍晚19时30分发布雷电黄色预警信号：受对流云团影响，预计未来3小时内本市房山、门头沟、大兴、通州、城区南部等地将出现雷雨天气，短时雨强可达10毫米/小时左右，请注意防护。 ​​​​,2012-07-27 20:04,转发,评论,赞,微博桌面,https://weibo.com/2647806223/yupUD9UqL
56,转发微博,是,#雨情播报#雷电黄色预警信号：受对流云团影响，预计未来3小时内我区将出现雷雨天气，短时雨强可达10毫米/小时左右，请注意防护。 ​​​​,2012-07-27 20:04,转发,评论,赞,微博桌面,https://weibo.com/2647806223/yupUzAVpk
57,转发微博,是,【雷雨天气防病四项注意】一、穿衣有选择，女性尽量不要穿超短裙，以防膝盖受寒导致风湿病。衣物宜选择质地轻柔、干爽、透气性佳的面料；二、饮食调养祛湿防病，饮食应清淡、多样化，多食营养丰富的果蔬和蛋白质；三、住处注意通风有助防病；四、外出需注意闪避雷暴危险。（敬请关注@MSN健康 ） ​​​​,2012-07-27 18:02,转发,评论,赞,微博桌面,https://weibo.com/2647806223/yup7e5cK9
58,请大家注意安全,是,【北京发布地质灾害黄色预警】北京气象局官方微博消息：北京国土资源局与气象局今天16时10分联合发布地质灾害黄色预警：28日午后到夜间，平谷、密云、怀柔、房山、门头沟等部分山区发生泥石流、崩塌、滑坡等地质灾害的可能性较大，地质灾害预警等级为3级（黄色预警）。请有关部门加强监测、注意防范。 ​​​​,2012-07-27 17:39,转发,评论,赞,微博桌面,https://weibo.com/2647806223/yuoXDeP1C
59,转发微博,是,房山区健康教育所提示：居民不要捞吃被洪水淹死的鱼、虾、猪、鸡、鸭等水产和畜禽类，因为这些被淹死的动物尸体有可能被污染。 ​​​​,2012-07-27 15:30,转发,评论,赞,微博桌面,https://weibo.com/2647806223/yuo7hgoQe
60,转发微博,是,房山区健康教育所提示：洪水肆溢，导致厕所、垃圾、下水道污水中有害微生物和致病菌污染水面，请居民不要在被洪水淹过的水沟、池塘、河流里打捞鱼虾。 ​​​​,2012-07-27 15:29,转发,评论,赞,微博桌面,https://weibo.com/2647806223/yuo7g6hyU
61,转发微博,是,房山区健康教育所提示：要喝开水，不要喝生水，要饭前便后洗手，不要用脏水洗瓜果蔬菜，不要吃腐败变质或被洪水浸泡过的食物。 ​​​​,2012-07-27 15:29,转发,评论,赞,微博桌面,https://weibo.com/2647806223/yuo7ejN90
62,转发微博,是,#卫生信息#7月27日上午，房山区卫生局监督所及琉璃河镇政府领导到琉璃河镇社区卫生服务中心检查指导工作。监督所、镇政府领导要求中心要做好灾后防病救灾工作，注意做好消毒工作，做好健康宣传教育工作。 ​​​​,2012-07-27 15:29,转发,评论,赞,微博桌面,https://weibo.com/2647806223/yuo6UwJM2
63,转发微博,是,#卫生信息# 水灾后个人健康指南：洪涝灾害给我们的工作、学习、生活带来一定的困难和影响，但是，我们要以积极的态度面对困难，用科学技术指导自己战胜灾害，讲科学、不迷信，一定会重建家园。 ​​​​,2012-07-26 17:16,3,评论,赞,微博 weibo.com,https://weibo.com/2647806223/yufnMDcqn
64,转发微博,是,#健康知识# 水灾后个人健康指南：3、要吃新鲜的食物，不要吃腐败变质的或被洪水浸泡过的食物。4、饭前便后要洗手，不要随地吐痰和大小便。5、要做好环境消毒和灭蝇、灭蚊、灭鼠工作，不要让蚊蝇孳生。6、垃圾、废墟要及时填埋、清理。不要吃淹死、病死的禽畜。 ​​​​,2012-07-26 16:55,转发,评论,赞,微博桌面,https://weibo.com/2647806223/yuffmw1GZ
65,转发微博,是,"#健康知识# 水灾后个人健康指南：为了防止水灾之后带来的次生灾害，如肠道传染病、虫媒疾病和自然疫源性疾病等，请大家要做到“十要十不要”：1、要喝开水 ,不要喝生水。洪水后饮用水容易被污染，煮沸消毒最简便有效。2、食物要煮熟煮透，不要吃生冷食物。生冷食物容易繁殖细菌，食后易致病。 ​​​​",2012-07-26 16:55,转发,评论,赞,微博桌面,https://weibo.com/2647806223/yuffkak6g
66,转发微博,是,#健康知识# 水灾后个人健康指南：3、要吃新鲜的食物，不要吃腐败变质的或被洪水浸泡过的食物。4、饭前便后要洗手，不要随地吐痰和大小便。5、要做好环境消毒和灭蝇、灭蚊、灭鼠工作，不要让蚊蝇孳生。6、垃圾、废墟要及时填埋、清理。不要吃淹死、病死的禽畜。 ​​​​,2012-07-26 16:55,转发,评论,赞,微博桌面,https://weibo.com/2647806223/yuffhuA4y
67,转发微博,是,#健康知识# 水灾后个人健康指南 7、要做好环境消毒工作，不要让脏臭骚扰。尽可能让灾后的生活、工作有个干净卫生的环境。8、要防中暑、受凉、蚊虫叮咬，不要贪凉露宿。9、生病要及时就医，不要忌医和迷信。 ​​​​,2012-07-26 16:55,转发,评论,赞,微博桌面,https://weibo.com/2647806223/yufff8Shl
68,转发微博,是,#健康知识# 水灾后个人健康指南 10、发现传染病要及时报告，不要知情不报。任何人发现传染病和不明原因疾病，均有义务向当地医疗卫生单位报告，以便及时调查处理。 ​​​​,2012-07-26 16:55,转发,评论,赞,微博桌面,https://weibo.com/2647806223/yuffdDZ1q
69,转发微博,是,#卫生信息# 为保障农家院食品安全，7月25日，@北京房山卫生监督 前往大石窝镇后石门等受灾村，到农家院查看灾情。监督员们向农家院负责人介绍了灾后重建注意事项，详细讲解重建中维护好个人健康卫生，预防传染病等疫情，注意饮用水卫生安全，预防和控制暴雨洪涝后食物中毒及生活饮用水污染事件的发生。 ​​​​,2012-07-26 16:26,1,评论,赞,微博桌面,https://weibo.com/2647806223/yuf3rcBWV
70,全区市民你们好：          为有效预防和控制暴雨洪涝后食物中毒及生活饮用水污染事件的发生，保障灾后全体居民身体健康，请广大市民要特别注意食品安全和饮水卫生安全，并注意做到以下基几点： ​​​​,否,,2012-07-26 16:04,55,3,赞,政府版微博,https://weibo.com/2647806223/yueUyFcpw
71,//@北京市疾病预防控制中心:餐（饮）具的消毒方法：首选煮沸消毒10分钟～15分钟，或流通蒸汽消毒10 分钟。也可用有效氯为250毫克/升～500 毫克/升含氯消毒剂溶液浸泡5分钟或0.2%-0.5%过氧乙酸溶液浸泡30分钟后，再用清水洗净。,是,今天，我们一起来学习#水灾后消毒原则、方法和注意事项#灾后最重要的就是消毒防疫和饮水安全。北京市疾病预防控制中心提醒大家，特大自然灾害后特别要注重消毒及杀虫、灭鼠，注意环境卫生的清理，以免引起污染和传染病的发生。@首都健康 @北京发布 @微博小秘书 @政府微博助理 @新浪健康 ​​​​,2012-07-26 14:07,转发,1,赞,微博桌面,https://weibo.com/2647806223/yue99pMQt
72,转发微博,是,【数字】116.4亿：市防汛抗旱指挥部副指挥潘安君通报：此次暴雨灾害的最大雨量点发生在房山区河北镇，雨量为541毫米。全市因灾造成直接经济损失116.4亿元。目前城市的主要道路全部恢复正常，水电气热生命线工程正常。拒马河险情得到控制。卫生部门采购110万元的药品发往灾区，目前灾区没有发生疫情。 ​​​​,2012-07-26 13:24,转发,评论,赞,微博桌面,https://weibo.com/2647806223/yudRM4Bar
73,//@房山区卫生局:水灾后的健康知识.@Funhill房山 @北京门头沟健康教育,是,#健康知识# 水灾后的健康知识（清晰）。 ​​​​,2012-07-26 09:41,转发,评论,赞,微博桌面,https://weibo.com/2647806223/yucpfuZrE
74,//@房山区卫生局:被洪水淹没的厕所消毒方法.,是,被洪水淹没的厕所消毒方法：粪便按照粪便量的1/10加漂白粉，搅匀作用12～24小时。肠道传染病人的粪便，稀薄便按每1000ml加漂白粉50g，搅匀放置2～4小时，成形便用50000mg／L有效氯含氯消毒剂溶液2份加于1份粪便中，混匀作用2小时。 ​​​​,2012-07-26 08:52,转发,评论,赞,微博桌面,https://weibo.com/2647806223/yuc5qwOY4
75,转发微博,是,【健康应对暴雨天气】暴雨天应从以下几方面保健康：1蹚水当心患甲沟炎，回家后应立即清洗皮肤，保持皮肤鞋子干爽，脚部发痒不要抓。2房屋被水淹，住前要消毒。对于被水淹过的餐具要煮沸消毒。3小心蚊虫叮咬，使用蚊帐，用防护剂等是防叮咬的好办法。 ​​​​,2012-07-26 08:49,1,评论,赞,微博桌面,https://weibo.com/2647806223/yuc4hBh6n
76,//@北京房山健康教育:转发微博,是,雨天室内避雷方法：首先，要关好门窗，尽量远离门窗、阳台和外墙壁。其次，不要靠近、更不要触摸任何金属管线，包括水管、暖气管等。再有，不要使用家用电器和通讯设备，包括电视机、电脑、电话、收音机、电冰箱、洗衣机、微波炉等，还要拔掉所有电源插头。最后记住，雷雨天气里不要使用太阳能热水器。 ​​​​,2012-07-26 08:49,1,评论,赞,微博桌面,https://weibo.com/2647806223/yuc4e69wu
77,转发微博,是,水灾后食饮具消毒方法：首选煮沸消毒15～30分钟，或250 mg／L～500 mg／L有效氯含氯消毒剂溶液浸泡30分钟后，用清水洗净。 其他生活用品消毒方法：可选用消毒剂、煮沸、阳光下曝晒等方式进行消毒。 ​​​​,2012-07-26 08:40,1,评论,赞,微博桌面,https://weibo.com/2647806223/yuc0ov8bb
78,转发微博,是,洪水过后的垃圾消毒方法：尽量焚烧，也可喷洒10000mg／L有效氯含氯消毒剂溶液，作用60分钟以上。消毒后转运或深埋。 ​​​​,2012-07-26 08:39,1,评论,赞,微博桌面,https://weibo.com/2647806223/yuc0h81ph
79,转发微博,是,水淹住户的墙壁、地面、门窗、家具等的消毒方法：用1000mg／L～2000mg／L有效氯含氯消毒剂溶液喷雾，以喷湿为度，作用时间不少于1小时。 ​​​​,2012-07-26 08:39,1,评论,赞,微博桌面,https://weibo.com/2647806223/yuc0fD8lN
80,为严防大灾之后大疫发生，房山卫生监督所成立两个应急处理小分队，轮流值班，每天待岗待命，随时处理突发公共卫生疫情。 ​​​​,否,,2012-07-25 10:38,5,1,赞,微博桌面,https://weibo.com/2647806223/yu3lTy7La
81,卫生监督所加大雨后防灾餐饮单位监督力度，共派出6个监督检查小组对重点灾区巡回监督检查。重点检查是否有雨水浸泡过的食品、发霉变质食品、餐饮业饮用水情况、餐饮具消毒情况、冷荤制作情况等，提出了凡过水食品一律禁止加工销售、发霉变质食品禁止使用、用水要达到生活饮用水卫生标准等相应措施。 ​​​​,否,,2012-07-24 16:20,1,1,赞,微博桌面,https://weibo.com/2647806223/ytWaaxSKJ
82,//@政府微博助理: #黑板报#【野三坡景区滞留游客全部返程】即日起，景区停止接待游客，何时开放另行通知。,是,公告：野三坡景区7月21日遭遇50年一遇的特大洪灾。供水、供电、通讯、交通全部中断。目前，滞留游客全部返程。即日起，景区停止接待游客，何时开放另行通知。 ​​​​,2012-07-23 17:32,转发,评论,赞,微博 weibo.com,https://weibo.com/2647806223/ytNd5sLGl
83,//@房山水务: //@张坊镇政府: 防止次生灾害//@Funhill房山: 灾后防疫。,是,#卫生信息# 7月22日，阎村镇社区卫生服务中心医务人员同房山区疾控中心工作人员对辖区内的9个重点村进行了除四害、灭蚊蝇、环境、污水等方面的消毒指导和健康教育，共发放消毒片100余瓶，漂白粉100余公斤。 ​​​​,2012-07-23 17:32,转发,评论,赞,微博 weibo.com,https://weibo.com/2647806223/ytNcPvvZT
84,转发微博,是,【行车被困水中如何逃生】北京的暴雨致使有人打不开车门造成溺亡，其实被困在车里逃生时，您只需把座位头枕拔下来，用那两个尖锐的插头敲打侧面玻璃，这是当初设计就考虑到的。关键时刻，一定要学会自救！请立即转发，将这条实用而简单的救命常识告诉身边的朋友们吧！@北京12320在聆听 @甘肃12320 ​​​​,2012-07-23 17:31,2,1,赞,微博 weibo.com,https://weibo.com/2647806223/ytNcD6Dli
85,转发微博,是,#暴雨过后，北京市疾控中心提八点建议预防汛期传染病#①注意饮食卫生。②勤洗手。③忌饮生水或地表水。④接触雨水后及时清洗，以免引发皮肤炎症。⑤避免过劳，随时增减衣服。⑥及时清理积水，减少蚊虫滋生。⑦提早采取卫生干预措施。⑧出现不适及时就诊@首都健康 @北京12320在聆听 @与点阁 ​​​​,2012-07-23 17:31,2,1,赞,微博 weibo.com,https://weibo.com/2647806223/ytNcxuWdj
86,//@北京市疾病预防控制中心: 根据天气预报，北京近期仍将有暴雨天气，我们已经启动应急预案，应急队员全部到位开展职守，全市疾控系统严阵以待，全力以赴做好洪涝灾害的公共卫生应急工作，保障首都人民的健康安全。只要大家共同努力，提高防病意识，就一定能平安度过北京汛期,是,#暴雨过后，北京市疾控中心提八点建议预防汛期传染病#①注意饮食卫生。②勤洗手。③忌饮生水或地表水。④接触雨水后及时清洗，以免引发皮肤炎症。⑤避免过劳，随时增减衣服。⑥及时清理积水，减少蚊虫滋生。⑦提早采取卫生干预措施。⑧出现不适及时就诊@首都健康 @北京12320在聆听 @与点阁 ​​​​,2012-07-23 17:30,1,评论,赞,微博 weibo.com,https://weibo.com/2647806223/ytNc3kUUE
87,//@Funhill房山: 回复@请叫我-HAO-小七------:感谢您对房山人民的关心，目前，有捐赠意愿的爱心网友，可拨打房山区民政局捐赠中心电话69370243.相信您的爱心会成为房山受灾群众抗灾自救的巨大鼓励，谢谢 //@Funhill房山:向英雄致敬！,是,良乡供水告急！全城30万人面临断水，急需调用长阳第三水厂水源进行调配，已经抢险一天一夜的长阳供水厂抢险队队长郭云峰带领全队同志奔赴供水管线，“我是队长我来，你们谁都别下去”，他熟练的找到阀门打开，而他却再也没有能上来。“阀门已经打开，水供上了”成为了这位80后供水战士的最后一句话。 ​​​​,2012-07-23 17:28,1,评论,赞,微博 weibo.com,https://weibo.com/2647806223/ytNbg0RYW
88,转发微博,是,#黑板报# 英雄所长暴雨中的最后100米路。   ​​​​,2012-07-23 17:26,1,评论,赞,微博 weibo.com,https://weibo.com/2647806223/ytNan2Dfw
89,转发微博,是,自7月21日强降雨后，蒲洼乡卫生院认真组织，主动询问各行政村受灾情况及医疗需求，向各行政村及各单位代表发放了雨后注意事项、六步洗手法、夏季腹泻防治的宣传材料。 ​​​​,2012-07-23 17:24,转发,评论,赞,微博 weibo.com,https://weibo.com/2647806223/ytN9TbAWZ
90,转发微博,是,#卫生信息# 7月22日早晨，韩村河社区卫生服务中心接到乡镇政府紧急通知：在西南章村岳圣路北侧有20余人被洪水围困！中心立即启动应急预案，医疗小组第一时间赶到现场，经近6个小时努力，20多名受困群众分批的被转移到了西东小学，医务人员不仅对他们一一的进行了体检，还分别给与了心理疏导。 ​​​​,2012-07-23 17:24,转发,评论,赞,微博 weibo.com,https://weibo.com/2647806223/ytN9NgUvk
91,//@房山水务:京石目前无法通车，建议绕行六环到市区，请注意安全，如遇较深积水，请勿前行。,是,京石高速路肿么还不通 上课都上不了 @智慧长阳 @Funhill房山 @房山水务 ​​​​,2012-07-23 09:14,转发,评论,赞,微博桌面,https://weibo.com/2647806223/ytJWIhxlf
92,转发微博,是,#悼念北京暴雨遇难者#7月21日，北京遭遇61年以来最大暴雨，37人遇难。在这场暴雨中，无数人用自己的方式参与爱心互助，有人获救，也有人离去。请大家点一支蜡烛，愿逝者安息，生者坚强。 O网页链接 (微吧长微博) ​​​​,2012-07-23 09:01,转发,评论,赞,微博桌面,https://weibo.com/2647806223/ytJRF5skn
93,转发微博,是,水灾后怎样预防流行性出血热？1.尽量减少或避免与疫水接触的机会，不在可疑的疫水中游泳、洗衣物等。2.管好猪、狗等动物，猪要圈养，不让其尿液直接流入水中，猪粪等要发酵后再施用。 ​​​​,2012-07-23 08:59,转发,评论,赞,微博桌面,https://weibo.com/2647806223/ytJQKBx3F
94,转发微博,是,水灾后怎样预防流行性出血热？3.大力开展防鼠灭鼠工作，尤其是洪灾期间人群较集中的地方，也是鼠类密度较高的地方。洪灾后立即加强灭鼠、杀虫。 4.注意个人卫生，禁止随地小便，下水作业时要尽量穿长统胶鞋等，保护皮肤。 5.病人粪尿用石灰或漂白粉消毒。 ​​​​,2012-07-23 08:59,转发,评论,赞,微博桌面,https://weibo.com/2647806223/ytJQJ95hJ
95,转发微博,是,水灾后怎样预防流行性出血热？6.临时居所要建在地势较高、干燥向阳的地带，在周围挖防鼠沟；还要求有一定的坡度，以利于排水和保持地面干燥。床铺应距离地面2尺以上，不要睡地铺。 ​​​​,2012-07-23 08:59,转发,评论,赞,微博桌面,https://weibo.com/2647806223/ytJQH5XBo
96,转发微博,是,水灾后怎样预防流行性出血热？7.加强个人防护，在疫区作业时，应穿戴防护衣裤，防止皮肤破损。不要在草堆上坐卧、休息。8.有条件的可接种疫苗，或在医生指导下服用预防药物。 ​​​​,2012-07-23 08:59,转发,评论,赞,微博桌面,https://weibo.com/2647806223/ytJQFB4xX
97,房山卫生监督所全力投入雨后防灾工作。要求监督员立即了解全区餐饮和生活饮用水供水单位受灾情况，并要求不得加工销售过水食品；生活饮用水过水设备需进行消毒检测；制作印发《告餐饮单位一封信》；派出五个监督组赴餐饮和生活饮用水单位，特别是地下空间供餐单位、学校等重点单位进行现场检查指导。 ​​​​,否,,2012-07-22 12:36,1,评论,赞,微博桌面,https://weibo.com/2647806223/ytBQeyAxf
98,针对暴雨过后可能出现饮用水污染情况，如市民发现自家自来水出现异常（异色、异味或混有异物）应立即停止饮用并及时拨打房山卫生监督所24小时值班电话（89363762），说明水污染事件发生的时间、地点、水质异常等的详细情况，留下联系方式，并保持通讯畅通。卫生监督员会及时赶赴现场进行现场调查处理。 ​​​​,否,,2012-07-22 11:37,转发,评论,赞,微博桌面,https://weibo.com/2647806223/ytBsnl91S
99,您别慌，请赶快联系当地派出所。,是,@十五渡东湖港旅游区 有一票朋友在十五渡玩 都失去联系了 请求救援@文明房山 @房山区公安处 @房山共青团 @北京房山卫生监督 @房山区卫生局 @文明房山 @北京房山区良乡医院 @乐活北京  ​​​​,2012-07-22 09:48,转发,1,赞,微博 weibo.com,https://weibo.com/2647806223/ytAK80p0a
100,不好意思，才看到，请您再联系一下当地的派出所。对于那边的情况我们也不是很清楚。,是,@平安北京 昨天在房山石楼有辆菲亚特进水，车内具说有女孩子被水冲走，生死不明!给当地派出所打电话，说由于水大也无法靠近，也不知道情况!我急死了! ​​​​,2012-07-22 09:47,2,评论,赞,微博 weibo.com,https://weibo.com/2647806223/ytAJHEBDb
101,//@北京卫生监督:池水是否清澈见底，水中无漂浮物，水底无沉淀物，周边环境是否整洁干净，还可以关注游泳场馆公示的水质卫生状况。,是,,2012-07-19 10:29,转发,评论,赞,微博桌面,https://weibo.com/2647806223/yt8JjlbNv
102,,是,#药物保存建议# 建立药品档案：建一张药品明确卡，将药品分门别类按名称、用途、用法、用量、注意事项、失效期等制成表单，一旦需要即可查表，方便又安全。最好每隔3个月左右，将家庭药箱清理检查一遍，一旦发现药品变质、潮解、霉变或过期，需及时清理。 ​​​​,2012-07-19 10:29,转发,评论,赞,微博桌面,https://weibo.com/2647806223/yt8JdrLPj
103,//@北京12320在聆听:,是,【夏天三种水不能喝】1、老化水：即放置时间太长的水。因为水放的时间长了，细菌指标就会发生变化。2、千滚水：即沸腾了很长时间的水。水中不发挥性物质，如钙、镁等重金属成分和亚硝酸盐含量很高。3、重新煮开的水。不要把剩余温开水重新煮沸再喝，水反复烧开亚硝酸盐增加危害健康。 ​​​​,2012-07-19 09:35,转发,评论,赞,微博桌面,https://weibo.com/2647806223/yt8nm1Q2B
104,转发微博,是,【宣传周展板之10】：小块头大威胁，看什么看，说的就是你 大肠杆菌家族最牛X的是O157，动不动就造成大量伤亡，去年德国芽菜造成50人死亡，元凶就是它。沙门家族也十分庞大，很多是致病能手，尽管没有O157那么凶险，但却是食物中毒的常客。夏秋季是细菌性食物中毒高发期，亲们要注意饮食卫生哦~ ​​​​,2012-07-19 09:02,转发,评论,赞,微博桌面,https://weibo.com/2647806223/yt89MaKek
105,三看颜色，毒蘑菇多呈金黄、粉红、白、黑、绿等。无毒蘑菇多为咖啡、淡紫或者灰红色。 四看分泌物，将采摘的新鲜野蘑菇菌柄撕断，有毒的分泌物稠浓，呈赤褐色，撕断后在空气中容易变色；无毒的分泌物清亮如水，个别为白色，菌面撕断不变色。 ​​​​,否,,2012-07-17 14:25,转发,评论,赞,微博 weibo.com,https://weibo.com/2647806223/ysRq18nw1
106,“四看”一看生长地，有毒蘑菇往往生长在阴暗、潮湿的肮脏地带，无毒蘑菇大多生长在清洁的草地或松树、栎树上。二看形状，毒蘑菇一般比较黏滑，菌盖上常沾有一些杂物或生长一些补丁状的斑块。菌柄上常有菌环（环成一个圈，蘑菇像穿了超短裙一样）。无毒蘑菇很少有菌环。 ​​​​,否,,2012-07-17 14:25,转发,评论,赞,微博 weibo.com,https://weibo.com/2647806223/ysRpRoghg
107,在我们日常生活中，如何分辨可食用的蘑菇和有毒蘑菇呢？ ​​​​,否,,2012-07-17 14:24,转发,评论,赞,微博 weibo.com,https://weibo.com/2647806223/ysRpKzbdo
108,夏秋季节雷雨过后，路边、树下我们常能看到各式各样的蘑菇。蘑菇通用名为菌菇，因食用菇味道鲜美，受到人们喜爱。而毒蘑菇和可食蘑菇往混生，形态相似，误食中毒现象屡见不鲜。中毒后轻者出现恶心、呕吐、腹泻等症状，重者出现肝、肾、心等重要脏器功能损害，导致心跳减慢、休克、呼吸循环衰竭而死亡。 ​​​​,否,,2012-07-17 14:22,1,评论,赞,微博 weibo.com,https://weibo.com/2647806223/ysRoToAca
109,为了您和家人的健康，请发下手中的香烟,是,【饭后一支烟，危害大无边】嗜烟者有一句“名言”：饭后一支烟，赛过活神仙，须不知，医学研究表明，人们在进食后立即吸烟，对人体健康危害极大。很多人认为，吸烟仅是一种不良生活习惯，要改变这种业已形成的习惯很难，但世界卫生组织明确指出，烟草依赖是一种慢性成瘾性疾病。 ​​​​,2012-07-17 14:05,转发,评论,赞,微博 weibo.com,https://weibo.com/2647806223/ysRi61Z7e
110,卫生监督部门也提醒广大群众，为了他人的健康，防止传染病爆发，请您不要在患有急性出血性结膜炎、重症沙眼、肠道传染病等传染性疾病期间到游泳场所游泳。//@北京12320在聆听:暑假马上就到了，喜欢游泳的小童鞋们请注意安全呀[cai开心],是,"#平安暑假#炎热的夏天，游泳成了很多学生朋友最喜爱的一项运动。但是游泳避暑要严防溺水,尤其是年龄小的学生更要提高警惕，不要到无人看管的水面去游泳,特别不要单独到不熟悉的水域游泳,游泳时最好带上救生用具,并由会游泳的成年人陪伴,确保安全。看看下面的漫画,也许能够帮助大家更好的减少危险发生. ​​​​",2012-07-04 16:52,1,评论,赞,微博桌面,https://weibo.com/2647806223/yqTPrwyIC
111,2012年7月3日，为纪念建党91周年，房山区卫生局卫生监督所组织全体党员来到位于房山区十渡镇的平西烈士陵园开展了“新党员宣誓、老党员重温入党誓词”的主题党日活动，对全体党员进行了一次深刻的思想洗礼。 ​​​​,否,,2012-07-04 16:50,转发,评论,赞,微博桌面,https://weibo.com/2647806223/yqTOouzJH
